run_name: bilstm_1x64
epochs: 25
batch_size: 32
mae: 1.1399770786294419
rmse: 1.5171192497363628
mape: 1.2878182805351899
best_ckpt: results/bilstm_1x64.weights.h5
final_loss: 0.0007864412036724389
val_loss: 0.0009062595199793577
