run_name: gru_2x64
epochs: 25
batch_size: 32
mae: 1.1230185939346926
rmse: 1.5163987880381475
mape: 1.2731100555671504
best_ckpt: results/gru_2x64.weights.h5
final_loss: 0.0008540331036783755
val_loss: 0.0010306027252227068
pred_plot: results/gru_2x64_pred.png
