run_name: lstm_deeper
epochs: 30
batch_size: 64
mae: 1.863786435240253
rmse: 2.42545483899017
mape: 2.0944864927839406
best_ckpt: results/lstm_deeper.weights.h5
final_loss: 0.0015887439949437976
val_loss: 0.0043709734454751015
