run_name: lstm_2x64
epochs: 25
batch_size: 32
mae: 1.3189100621721705
rmse: 1.7616364939485258
mape: 1.4990015061508166
best_ckpt: results/lstm_2x64.weights.h5
final_loss: 0.0010328437201678753
val_loss: 0.0020070630125701427
